    
        "vocab_size": 50257,

        "context_length": 256,

        "emb_dim": 128,

        "n_heads": 2,

        "n_layers": 10,

        "drop_rate": 0.1,

        "qkv_bias": False,

    size: 56.75390625
train_loss: [10.896264839172364, 10.377752494812011, 9.993965148925781, 9.700911903381348, 9.414760780334472, 9.070501327514648, 8.769839477539062, 8.475986289978028, 8.242389678955078, 7.88287992477417, 7.733430862426758, 7.63976411819458, 7.383376598358154, 7.220653438568116, 7.165870189666748, 7.146010112762451, 6.953160667419434, 6.931049442291259, 6.777638339996338, 7.0523426055908205, 6.757141494750977, 6.92498197555542, 6.910389709472656, 6.951911449432373, 6.851581859588623, 6.734613609313965, 6.801824951171875, 6.86807804107666, 6.694971656799316, 6.7137770652771, 6.776486396789551, 6.702292442321777, 6.668622207641602, 6.6921462059021, 6.748386096954346, 6.549037170410156, 6.60714750289917, 6.566849040985107, 6.48713493347168, 6.583242130279541]
val_loss: [10.9009220123291, 10.393283271789551, 10.032080078125, 9.735032272338866, 9.438701629638672, 9.138660430908203, 8.838415908813477, 8.551480484008788, 8.282789993286134, 8.038072395324708, 7.823506450653076, 7.644979667663574, 7.499454975128174, 7.382267951965332, 7.29172649383545, 7.221543884277343, 7.1682733535766605, 7.130337142944336, 7.103132724761963, 7.08495979309082, 7.0678435325622555, 7.048753547668457, 7.029604911804199, 7.009928607940674, 6.996645164489746, 6.980838584899902, 6.961586570739746, 6.95032958984375, 6.933146858215332, 6.915403938293457, 6.902110195159912, 6.892430400848388, 6.891446208953857, 6.881902694702148, 6.858802223205567, 6.842791271209717, 6.821862983703613, 6.81093053817749, 6.798269176483155, 6.786769390106201]
Weight save path:  model_needed
